***************************************************
***************************************************
GERADOR SAS
Semente: 2535
Multiplicador: 325
Tamanho: 1000
Primo: 31
Mercene: 2147483647
Tempo de execucao: 0.0000
***************************************************
***************************************************

0.0003836466932593131
0.12468517530927675
0.5226819755149456
0.8716420423573079
0.2836637661250605
0.19072399064466544
0.985296959516265
0.22151184278610714
0.9913489054848202
0.1883942825665671
0.22814183413430203
0.14609609364815807
0.48123043565136864
0.39989158669481595
0.9647656758151789
0.54884463993313
0.37450797826727295
0.7150929368637003
0.4052044807026184
0.6914562283509673
0.7232742140643644
0.0641195709184369
0.8388605484919904
0.629678259896896
0.64543446649119
0.7662016096367508
0.01552313194401708
0.045017881805551184
0.6308115868041346
0.013765711343738116
0.4738561867148877
0.0032606823385044384
0.05972176001394249
0.4095720045313109
0.11090147267603384
0.042978619710997965
0.9680514060743393
0.6167069741602554
0.42976660208300066
0.6741456769752063
0.09734501694205451
0.6371305061677147
0.06741450450728391
0.9097139648672724
0.6570385818635294
0.5375391056470289
0.7002093352844051
0.5680339674316505
0.6110394152864066
0.5878099680821458
0.0382396266973762
0.42787867664726387
0.0605699103607656
0.6852208672488206
0.6967818558666771
0.4541031566700447
0.5835259177645323
0.645923273473011
0.9250638787285722
0.6457605867859724
0.8721907054410273
0.461979268333865
0.1432622085061214
0.5602177644894542
0.07077345907258496
0.0013741985901138739
0.446614541787009
0.14972608077792735
0.6609762528263853
0.8172821685752283
0.6167047869491878
0.4290557584860622
0.44312150797020716
0.014490090317321052
0.7092793531293419
0.5157897670361166
0.6316742867378864
0.2941431898130771
0.5965366892500485
0.8744240062657855
0.1878020363803031
0.0356618235985105
0.5900926695159137
0.7801175926719408
0.5382176183807745
0.920725973751734
0.23594146931354956
0.6809775269036077
0.3176962436724902
0.2512791935593259
0.6657379067809032
0.36481970379353484
0.5664037328988331
0.08121319212075938
0.3942874392467958
0.1434177552086384
0.6107704428074744
0.5003939124291734
0.6280215394813667
0.10700033144420028
0.7751077193650918
0.9100087936548558
0.7528579378281058
0.6788297941343998
0.6196830936799212
0.39700544597441584
0.02676994168514849
0.7002310476732585
0.5750904938090082
0.9044104879276876
0.933408576498464
0.35778736200080596
0.280892650261937
0.2901113351295289
0.28618391709690166
0.009773056493035078
0.17624336023640044
0.27909207683014314
0.7049249697965221
0.10061518386966324
0.6999347576405549
0.4787962331803498
0.6087757836136855
0.8521296744477608
0.9421441955222488
0.1968635447308717
0.9806520375333038
0.7119121983237156
0.37146445520756044
0.7259479424571376
0.9330812985697209
0.251422035159274
0.7121614267640568
0.4524636983184441
0.05070195349431688
0.4781348856529849
0.3938378372200941
0.9972970965305795
0.12155637243835087
0.5058210424640314
0.3918388008102024
0.34761026331577927
0.9733355776282658
0.3340627291864076
0.5703869855824797
0.3757703143059138
0.1253521494219788
0.7394485621431137
0.3207826965119609
0.25437636638729666
0.6723190758714076
0.5036996582074554
0.7023889174230346
0.27639816248621707
0.8294028080205447
0.5559126066769997
0.6715971700249227
0.2690802580998653
0.4510838824562188
0.6022617982710999
0.7350844381074815
0.9024423849314649
0.2937751027260791
0.4769083859757094
0.9952254421055435
0.44826868430165046
0.6873223980364028
0.37977936183092154
0.4282925950495026
0.19509339108834667
0.40535210371266683
0.7394337066167191
0.31595465043371296
0.6852613909567061
0.7099520609294773
0.734419802080104
0.6864356760338115
0.09159471098873519
0.7682810713389334
0.6913481851533745
0.6881601748467238
0.6520568251852211
0.9184681851968487
0.5021601889758185
0.20206141714102654
0.6699605708336274
0.7371855209289051
0.5852943018941648
0.22064811560355505
0.7106375711553905
0.9572106255019133
0.09345328812182568
0.37231863959334727
0.003557867837863913
0.15630704730577163
0.7997903743757822
0.9318716721291987
0.8582934419895958
0.9453686466186161
0.24481015105024453
0.5632990913294718
0.07220468207830781
0.4665216754500389
0.6195445212626571
0.3519694103635705
0.39005836816041656
0.7689696521353766
0.9151369439974134
0.41950679915934186
0.3397097267861058
0.40566120548437407
0.8398917824215683
0.9648292870096998
0.5695182781524576
0.09344039954870959
0.36812985333061304
0.6422023324492399
0.7157580460029459
0.6213649509574123
0.9436090611590114
0.6729448766787279
0.707084920586592
0.8025991906424049
0.8447369587816005
0.5395116040201446
0.34127130654699694
0.9131746277740107
0.781754026553479
0.07005862988068659
0.7690547112231397
0.9427811475204216
0.40387294413702235
0.2587068445322601
0.07972447298454328
0.9104537199765694
0.8974589923850536
0.6741725251423999
0.10607067127994758
0.4729681659829655
0.7146539444637736
0.26253195072642155
0.32288398608699626
0.9372954782737863
0.6210304389805674
0.8348926686844289
0.3401173224393825
0.5381297927993023
0.8921826597732411
0.9593644263033589
0.7934385485916577
0.867528292288784
0.946694993854824
0.6758730028177952
0.658725915783423
0.08592262961246196
0.924854624050136
0.5777528162942048
0.7696652956165677
0.1412210753845149
0.8968494999673448
0.4760874893870612
0.728434050794893
0.7410665083402146
0.8466152105697502
0.14994343516879874
0.7316164298595937
0.775339704367956
0.985403919585703
0.2562738653534436
0.28900623986916907
0.9270279574799482
0.2840861809831514
0.32800881952420285
0.6028663453659352
0.931562243928929
0.7577292769019163
0.2620149931227858
0.15487276490538976
0.3336485942516702
0.43579313179282153
0.6327678326669931
0.6495456167727456
0.10232545114230618
0.2557716212495098
0.12577690609068465
0.8774944794725136
0.18570582856689852
0.3543942842420164
0.1781423786553286
0.8962730629817923
0.28874546908249404
0.8422774518105562
0.7401718384307678
0.5558474899995361
0.6504342498492609
0.3911312010097928
0.11764032818267137
0.23310665936819588
0.7596642946636604
0.8908957656896188
0.5411238491261023
0.8652509659832581
0.2065639445588756
0.13328198163457308
0.3166440312362481
0.9093101517806342
0.5257993287061338
0.8847818294934844
0.5540945853824236
0.08074024928768177
0.24058101849657532
0.1888310113869752
0.37007870076693533
0.27557774925398537
0.5627685075452404
0.8997649522031494
0.4236094660235613
0.6730764576574212
0.7498487386618968
0.7008400651164539
0.7730211628475325
0.2318779254480628
0.3603257706204084
0.10587545163271737
0.4095217806331449
0.09457870577209569
0.7380793759310987
0.8757971776070992
0.6340827223072214
0.07688474984694493
0.9875437002571037
0.951702583558719
0.3033396565836573
0.5853883896886317
0.2512266488053029
0.6486608617234327
0.8147800601156335
0.8035195375809071
0.1438497137948171
0.7511569833155521
0.1260195775544362
0.9563627051917662
0.8178791873240281
0.8107358803091272
0.48916110046634503
0.9773576515621308
0.6412367576925255
0.40194625007079277
0.6325312730076402
0.5726637274830899
0.11571143200421306
0.6062154013692473
0.0200054450053747
0.5017696267467782
0.07512869270291585
0.4168251284476487
0.46816674548581555
0.15419228289005918
0.11249193926923533
0.559880262501482
0.9610853129816639
0.352726719040762
0.6361836882476619
0.759698680490115
0.902071159287389
0.1731267684014173
0.266199730460625
0.5149123997031303
0.34652990351735147
0.6222186431392183
0.2210590202459409
0.8441815799307923
0.3590134775075193
0.67938018994377
0.7985617317252615
0.532562810709962
0.08291348073767195
0.9468812397433823
0.7364029165992527
0.3309478947571236
0.5580657960651749
0.3713837211818358
0.6997093840966511
0.4055498314115917
0.8036952087672871
0.20094284936829604
0.30642604469620904
0.5884645262679385
0.2509710370800323
0.5655870510104983
0.8157915784119589
0.1322629838866475
0.9854697631604363
0.27767302714179876
0.24373382108459893
0.21349185249465139
0.3848520607616995
0.07691974755233141
0.9989179545077114
0.6483352150061797
0.7089448770084161
0.4070850277352543
0.3026340139576392
0.3560545362327502
0.7177242756438089
0.26038958423789105
0.6266148773145931
0.649835127242764
0.1964163538983168
0.8353150169529556
0.4773805097105822
0.14866565593921843
0.3163381802459891
0.809908579946453
0.22028848259723208
0.5937568441004292
0.97097433263947
0.566658107827724
0.16388504401030254
0.26263930334832486
0.35777358820558225
0.2764161668142379
0.835254214627321
0.4576197538793179
0.7264200107783172
0.08650350295310072
0.11363845975773337
0.9324994212633462
0.06231191058750819
0.25137094094016166
0.6955558055525439
0.05563680457679406
0.08196148745806957
0.6374834238726103
0.1821127585983429
0.1866465444614396
0.6601269499678756
0.541258739559566
0.9090903568589549
0.4543659791603526
0.6689432271145951
0.4065488122434117
0.1283639791088011
0.7182932103603581
0.445293367116383
0.7203443128244692
0.11190166795249175
0.36804208455981785
0.6136774819407973
0.4451816307591189
0.6840299967136374
0.30974893193214614
0.6684028779475032
0.23093533293853297
0.053983205023213854
0.5445416325445015
0.9760305769629919
0.20993751297236304
0.22969171601798932
0.6498077058465256
0.18750440012081732
0.9389300392656261
0.15226276132849173
0.4853974317598145
0.7541653219397019
0.10372963040309476
0.7121298810057947
0.44221132688327286
0.7186812370636879
0.571402045698558
0.7056648520313505
0.34107691018892305
0.8499958114000018
0.24863870500057875
0.807579125188095
0.4632156861309035
0.5450979925436424
0.15684757668378185
0.9754624222290993
0.02528722445726731
0.21834794861187598
0.9630832988596909
0.0020721293995492763
0.6734420548535148
0.868667827392308
0.31704390250008735
0.03926831252838872
0.7622015717263341
0.7155108110585766
0.5410135940373938
0.8294180621530013
0.5608701997254371
0.28281491076704807
0.9148459992906293
0.32494976945451914
0.608675072718726
0.8193986335859628
0.3045559154378976
0.9806725173167291
0.7185681279369481
0.5346415795081488
0.7585133401483826
0.5168355482243167
0.9715531729029273
0.7547811934513884
0.3038878717012181
0.7635583028958917
0.15644844116477688
0.8457433785524887
0.8665980295588254
0.6443596066182291
0.4168721509244629
0.483449050450441
0.12094139639332024
0.3059538278290787
0.4349940444505746
0.3730644464367369
0.2459450919395057
0.9321548803393519
0.9503361102893652
0.8592358440436589
0.2516493141891664
0.7860271114790939
0.45881123070549745
0.11364997928666416
0.9362432681658507
0.2790621539014681
0.6952000179771334
0.9400058425683555
0.5018988347155502
0.1171212825538224
0.0644168299922798
0.935469747490934
0.027667934553543074
0.9920787299014995
0.4255872179873228
0.3158458458799151
0.6498999109724071
0.21747106603229002
0.6780964604942578
0.38134966063376036
0.9386397059721125
0.057904440936587954
0.8189433043910858
0.15657392710287774
0.8865263084352605
0.1210502414596501
0.3413284743862825
0.931754175541808
0.8201070510875932
0.5347916034677959
0.8072711270336393
0.3631162859327701
0.012792928150292919
0.1577016488451984
0.25303587468948024
0.23665927408107523
0.9142640763494484
0.13582481357074566
0.14306441049234217
0.4959334100112009
0.17835825364028954
0.9664324330940993
0.09054075558229385
0.4257455642455004
0.36730837978762965
0.3752234309796353
0.947615068381473
0.9748972239787211
0.841597793084382
0.5192827524241446
0.7668945378469744
0.24072480026666299
0.23556008666547018
0.5570281662778128
0.03415404028918317
0.10006309398452895
0.52050554497191
0.16430211587078036
0.39818765800361877
0.41098885117610395
0.5713766322337913
0.697405475982188
0.656779694211101
0.45340061860783054
0.3552010475449269
0.4403404521012401
0.11064693290304715
0.9602531934903251
0.08228788435565675
0.7435624155884434
0.6577850662440924
0.7801465293300089
0.5476220322528956
0.9771604821910898
0.5771567121041737
0.5759314338564554
0.17771600334798732
0.757701088095876
0.2528536311596882
0.17743012689865667
0.664791242063414
0.057153670609534565
0.5749429480987336
0.8564581320883977
0.3488929287292496
0.390201837006119
0.8155970269886763
0.06903377131979622
0.43597567893377304
0.6920956534762381
0.9310873797773791
0.6033984276481896
0.10448898566164495
0.9589203400346079
0.6491105112475858
0.9609161554653738
0.29775052624649856
0.7689210301120398
0.8993347864129276
0.2838055842014987
0.2368148654870758
0.9648312832996395
0.5701670723828334
0.3042985244208474
0.8970204367754144
0.5316419520097049
0.7836344031540837
0.6811810250772075
0.3838331500924347
0.7457737800412689
0.3764785134124004
0.3555168590301261
0.5429791847909704
0.46823505706537283
0.17639354624617545
0.32790253000701897
0.5683222522811602
0.7047319913770687
0.037897197547320835
0.3165892028792711
0.8914909357631071
0.734554123009813
0.7300899781892495
0.27924291150609165
0.7539462394797924
0.032527830932535154
0.5715450530739246
0.7521422490254707
0.44623093327797525
0.025053315341963114
0.14232748613801202
0.2564329948539068
0.3407233275197089
0.7350814439054026
0.9014692692558604
0.9775125081546198
0.6915651502514095
0.7586738317081118
0.5689953051363096
0.9234741693006242
0.12910502270288068
0.959132378436221
0.7180229917718205
0.3574723258416505
0.17850589853641852
0.014417024336018146
0.6855329092058972
0.7981954919165911
0.4135348728920961
0.39883368993123697
0.6209492276520232
0.8084989869075357
0.7621707449491
0.7054921084574852
0.2849352486827109
0.6039558218810501
0.28564211134130235
0.8336861859232588
0.9480104250591297
0.10338814421714662
0.601146870572654
0.3727329361125514
0.1382042365792227
0.9163768882473823
0.8224886803992506
0.30882112975643067
0.3668671708399743
0.23183052299163795
0.3449199722823314
0.0989909917577128
0.17207232125665636
0.9235044084133135
0.1389327343268938
0.15313865624048684
0.7700632781582247
0.27056540142305446
0.9337554624927022
0.4705253101282405
0.9207257916781706
0.23588229540543737
0.6617460067671472
0.06745219932284774
0.9219647799255163
0.6385534757927774
0.5298796326526811
0.2108806121213737
0.5361989394464525
0.26465532009706616
0.012979031546497266
0.21818525261161162
0.910207098773777
0.8173071014775461
0.6248079802025147
0.06259356581726744
0.3429088906119153
0.44538944887248305
0.7515708835570006
0.2605371560251979
0.674575708189316
0.23710516152768638
0.05917749649806763
0.23268636187197936
0.6230676083932946
0.49697272782073015
0.5161365417373072
0.7443760646248125
0.9222210030640573
0.7218259958186308
0.5934486410550068
0.8708083428772205
0.01271143509666968
0.1312164064176457
0.6453320857348536
0.7329278638274073
0.2015557439073714
0.5056167698957104
0.3254502161058831
0.7713202344120109
0.6790761839035322
0.6997597686479612
0.4219248105873935
0.12556344090288665
0.8081182934381619
0.6384453674026045
0.4947444058464581
0.7919319000988881
0.37786753213865104
0.8069479450615812
0.2580821450138847
0.8766971295125303
0.9265670915723625
0.13430476101781463
0.6490473307897557
0.9403825066706084
0.6243146679477369
0.9022670830144859
0.23680197970792743
0.9606434050764159
0.209106649835178
0.95966119643285
0.8898888406762335
0.21387321977590826
0.5087964271701856
0.3588388303103106
0.6226198508509527
0.3514515265596339
0.22174613188102196
0.06749286133213568
0.9351799329440947
0.9334782068307875
0.38041722000595984
0.6355965019369482
0.5688631295081522
0.8805170901494646
0.16805429857599283
0.6176470371976713
0.7352870892431993
0.9683040040397569
0.6988013129210106
0.11042669932843498
0.8886772817413683
0.8201165659446812
0.5378839320213925
0.8122779069525552
0.9903197595804556
0.8539218636480728
0.5246056856236447
0.49684782768452906
0.47554399747193976
0.5517991783804257
0.334732973638332
0.7882164324578905
0.17034054881443295
0.3606783646907091
0.22046852448045673
0.6522704561484375
0.987898248242167
0.06693067870425558
0.7524705788830623
0.5529381369952756
0.7048945234645598
0.09072012598194187
0.4840409441311103
0.3133068426108485
0.8247238485257719
0.03525077087583522
0.45650053464644613
0.36267376009499364
0.8689720308729317
0.41591003370280843
0.17076095341274558
0.49730985914231735
0.6257042212531456
0.3538719072723165
0.008369863502853486
0.720205638427383
0.06683248889950685
0.7205588923397283
0.18164001041168348
0.03300338379712933
0.726099734067032
0.9824135717853967
0.2844108302539265
0.43351983252611004
0.8939455709857612
0.5323105703724131
0.0009353710342828981
0.3039955861419419
0.7985654961311097
0.5337862426106754
0.4805288484695036
0.17187575258867618
0.8596195913197564
0.37636717892082744
0.3193331492689127
0.7832735123966231
0.5638915289025248
0.26474689332058043
0.04274032918863945
0.8906069863078216
0.44727055004205113
0.3629287636666227
0.9518481916523763
0.3506622870222955
0.965243282246051
0.7040667299665821
0.8216872391391952
0.04835272023843262
0.7146340774906027
0.2560751844458632
0.22443494490554322
0.9413570943015428
0.9410556480014024
0.8430856004557971
0.002820148134054685
0.9165481435677727
0.8781466595261109
0.3976643459860535
0.24091244546739032
0.29654477690185643
0.37705249310333866
0.5420602585850565
0.1695840401433334
0.1148130465833531
0.3142401395897568
0.12804536667095748
0.6147441680611783
0.7918546198829332
0.35275146195327467
0.6442251348142629
0.37316881463544854
0.2798647565207746
0.9560458692517345
0.7149075068137177
0.3449397144582773
0.10540719894012772
0.25733965554150734
0.6353880509898943
0.5011165717156215
0.8628858075770017
0.4378874625255761
0.3134253208122334
0.8632292639758574
0.5495107921536596
0.5910074499393848
0.07742123030006011
0.16189984751953737
0.617450443849643
0.6713942511339646
0.20313161853846703
0.017776025001786662
0.7772081255806648
0.5926408137160544
0.608264457717661
0.685948758239834
0.9333464279460472
0.3375890824653157
0.7164518012276161
0.8468353989752174
0.2215046669456664
0.9890167573415752
0.4304461360119498
0.8949942038836862
0.8731162621980143
0.7627852143546497
0.9051946652611693
0.18826620988001405
0.18651821100456556
0.6184185764838097
0.9860373572381387
0.46214110239508616
0.19585827840299266
0.6539404809726125
0.5306563160990627
0.4633027321953805
0.5733879634986575
0.3510881370637045
0.10364454570396084
0.6844773537872719
0.4551399808633793
0.9204937805982744
0.16047869443915724
0.15557569272610158
0.5621001359830146
0.6825441944797264
0.8268632059110623
0.7305419210952436
0.42612435595417597
0.49041568510719374
0.3850976598379657
0.15673944733885092
0.9403203851265463
0.6041251661275165
0.34067899144286246
0.7206722189302892
0.21847115234400666
0.0031245118021613508
0.015466335702438995
0.02655910329267341
0.6317085701188578
0.3052852886287893
0.21771880435651111
0.7586114158661158
0.5487101564876317
0.33080085848029744
0.5102790060966643
0.8406769814159148
0.2200189601723193
0.5061620560037727
0.5026682012261209
0.36716539848929525
0.3287545090209481
0.8452154318081286
0.6950153376418238
0.8799847335927117
0.9950384176313125
0.3874857301765521
0.9328623073794238
0.18024989831272972
0.5812169516371642
0.8955092820783654
0.040516675468774827
0.16791952735181875
0.5738463893410966
0.5000765358563869
0.5248741533257413
0.5840998308659064
0.8324450314196037
0.5446352113711812
0.00644369563387879
0.09420108101060665
0.6153513284471591
0.9891817453266968
0.48406723117645234
0.3218501323470148
0.6012930127798082
0.42022915343764666
0.574474867235159
0.7043318514266665
0.9078517136666233
0.0518069416525806
0.8372560370886959
0.10821205382617752
0.16891749350769328
0.8981853900003179
0.9102517501033153
0.8318187835774472
0.34110466267033696
0.859015367859516
0.1799945543426995
0.498230161377336
0.9248024476341915
0.5607954811122248
0.25853136147304034
0.022692478738116324
0.3750555898878051
0.8930667135366549
0.24668189941285268
0.17161730917711618
